54 0.338484375 0.43782812499999996 0.331734375 0.343453125 0.340734375 0.336703125 0.358703125 0.314234375 0.356453125 0.262546875 0.34746875 0.22884375 0.32725 0.21760937500000002 0.30253125000000003 0.242328125 0.286796875 0.21535937500000002 0.262078125 0.242328125 0.25534375 0.311984375 0.293546875 0.338953125 0.307015625 0.401875 0.28904687500000004 0.44456249999999997 0.307015625 0.5232187500000001 0.316015625 0.5546875 0.325 0.534453125 0.338484375 0.43782812499999996
54 0.13325 0.6702656250000001 0.145640625 0.6702656250000001 0.151828125 0.650125 0.165765625 0.540140625 0.16421875 0.48128125 0.184359375 0.39453125 0.195203125 0.31709375 0.17196875 0.27990624999999997 0.13479687499999998 0.28765625 0.1316875 0.3558125 0.127046875 0.37440625 0.127046875 0.65478125 0.13325 0.6702656250000001
54 0.137859375 0 0.1404375 0.01215625 0.14750000000000002 0.057125 0.139140625 0.050703125 0.12501562500000002 0.00059375 0.12501562500000002 0.08089062500000001 0.13978125 0.109171875 0.14171875 0.131015625 0.1680625 0.195890625 0.17254687500000002 0.21967187500000002 0.18346875 0.22609374999999998 0.18925 0.22351562500000002 0.190546875 0.200390625 0.18346875 0.14771875 0.17640625000000001 0.0963125 0.17576562499999998 0 0.16740625 0 0.137859375 0
54 0.20534375 0.60509375 0.21218750000000003 0.674828125 0.23953125000000003 0.6885 0.25320312500000003 0.81565625 0.27096875 0.926421875 0.2778125 0.9250468749999999 0.287390625 0.82659375 0.302421875 0.769171875 0.302421875 0.730890625 0.3010625 0.700796875 0.31746875 0.68303125 0.329765625 0.633796875 0.31746875 0.591421875 0.28465625 0.591421875 0.276453125 0.6351718749999999 0.27234375 0.66525 0.26823437499999997 0.667984375 0.26823437499999997 0.61603125 0.25182812499999996 0.591421875 0.2340625 0.591421875 0.20534375 0.60509375
54 0.54934375 0.205359375 0.555046875 0.21734375 0.563609375 0.21392187499999998 0.567609375 0.1003125 0.565328125 0.078046875 0.5813125 0.066046875 0.582453125 0.054640625 0.565328125 0.069484375 0.5470625 0.07290624999999999 0.52821875 0.061484375 0.518515625 0.0540625 0.5350625 0.08089062500000001 0.550484375 0.088890625 0.5470625 0.18937500000000002 0.54934375 0.205359375
54 0.36490625 0.9601875 0.345265625 0.96365625 0.33025000000000004 0.977515625 0.3233125 0.9960000000000001 0.314078125 0.948640625 0.307140625 0.9428593749999999 0.2944375 0.9417031250000001 0.280578125 0.945171875 0.27132812500000003 0.9613437499999999 0.269015625 0.9821406250000001 0.267859375 0.9994687499999999 0.378765625 0.9994687499999999 0.379921875 0.9740624999999999 0.36490625 0.9601875
54 0.270953125 0.016015625 0.278890625 0.042078125 0.278890625 0.05795312500000001 0.28003125 0.1055625 0.291359375 0.14070312499999998 0.30496875 0.154296875 0.325359375 0.071546875 0.3174375 0.0386875 0.325359375 0.004671875000000001 0.30496875 0.00240625 0.300421875 0.01828125 0.295890625 0.003546875 0.29476562500000003 0.004671875000000001 0.27209374999999997 0.000140625 0.270953125 0.016015625
54 0.48140625000000004 0.38871875 0.45093750000000005 0.3930625 0.45093750000000005 0.384359375 0.443671875 0.36984374999999997 0.44223437499999996 0.35534374999999996 0.46254687499999997 0.339375 0.46834375 0.32487499999999997 0.47270312499999995 0.276984375 0.46109375 0.23199999999999998 0.43351562499999996 0.229109375 0.4248125 0.23781249999999998 0.4175625 0.307453125 0.41029687499999995 0.253765625 0.395796875 0.230546875 0.36678125 0.24506250000000002 0.362421875 0.274078125 0.37693750000000004 0.32196875 0.395796875 0.384359375 0.40304687499999997 0.43370312499999997 0.41465625 0.46126562499999996 0.45382812499999997 0.5671875 0.463984375 0.4525625 0.47270312499999995 0.43370312499999997 0.48140625000000004 0.38871875
54 0.61275 0.7673593750000001 0.618875 0.7632 0.6219375 0.766328125 0.618875 0.7715109375 0.618875 0.7881328125 0.6365937500000001 0.7676875 0.63828125 0.7578125 0.640328125 0.7578125 0.6450234375 0.7634296875000001 0.653453125 0.759171875 0.643734375 0.7516875 0.647484375 0.749296875 0.655859375 0.7400111609375 0.6566875 0.748625 0.6618828125 0.7549140624999999 0.681546875 0.746234375 0.68665625 0.7401093750000001 0.6818906250000001 0.73771875 0.669625 0.73771875 0.66690625 0.658703125 0.660765625 0.654953125 0.650890625 0.65734375 0.642375 0.661421875 0.6355625 0.6624531250000001 0.627734375 0.6546093749999999 0.62228125 0.6546093749999999 0.617515625 0.659375 0.618875 0.746578125 0.61615625 0.7516875 0.611046875 0.7554375 0.606953125 0.760546875 0.606953125 0.767015625 0.61275 0.7673593750000001
54 0.6181875 0.8354687500000001 0.62978125 0.8528437500000001 0.6372656250000001 0.861015625 0.6318125 0.8998437499999999 0.638625 0.9087031250000001 0.644078125 0.907 0.657703125 0.88009375 0.6628125 0.8589687500000001 0.67234375 0.84603125 0.67678125 0.836828125 0.67796875 0.826609375 0.6721197921875001 0.8210468750000001 0.67915625 0.816390625 0.6580468749999999 0.8303593749999999 0.6488437499999999 0.833421875 0.62840625 0.8175898437500001 0.618875 0.7881328125 0.618875 0.8047546875 0.62159375 0.8123125 0.618875 0.8130656249999999 0.620234375 0.8210000000000001 0.618875 0.8213765625 0.6181875 0.8354687500000001
54 0.503125 0.7578125 0.503125 0.7859375 0.5125 0.8375 0.5203125 0.8515625 0.525 0.8671875 0.5328125 0.8765625 0.534375 0.884375 0.5390625 0.8890625 0.5484375 0.8890625 0.553125 0.8828125 0.55 0.8375 0.5625 0.83125 0.5671875 0.83125 0.571875 0.825 0.575 0.825 0.58125 0.815625 0.584375 0.803125 0.584375 0.7875 0.58125 0.7796875 0.58125 0.7546875 0.5890625 0.7453125 0.5890625 0.7359375 0.578125 0.7234375 0.5796875 0.665625 0.575 0.63125 0.571875 0.628125 0.5671875 0.628125 0.5609375 0.621875 0.5390625 0.621875 0.534375 0.6265625 0.5288793109375 0.6266163796875001 0.5709590515625 0.551050646875 0.70625 0.4953125 0.7125 0.5078125 0.7203125 0.515625 0.715625 0.56875 0.725 0.575 0.7359375 0.575 0.7546875 0.553125 0.775 0.553125 0.7796875 0.546875 0.7796875 0.540625 0.775 0.5296875 0.775 0.5203125 0.7796875 0.503125 0.7828125 0.503125 0.7875 0.496875 0.7875 0.490625 0.7828125 0.484375 0.775 0.484375 0.775 0.478125 0.7859375 0.4609375 0.7859375 0.4484375 0.78125 0.4265625 0.7890625 0.4203125 0.790625 0.409375 0.778125 0.3828125 0.778125 0.3661458328125 0.7796875 0.35625 0.7875 0.34375 0.7921875 0.3296875 0.7921875 0.3015625 0.7796875 0.2859375 0.75625 0.2875 0.740625 0.2953125 0.734375 0.2953125 0.7296875 0.2921875 0.7171875 0.2921875 0.7125 0.296875 0.70867456875 0.3037446125 0.7125 0.30625 0.7048491375 0.3106142234375 0.5747844828125 0.544181034375 0.5046875 0.63125 0.515625 0.62890625 0.5177083328125 0.6265625 0.5260416671875 0.6265625 0.525 0.6364583328125 0.5212284484375 0.640355603125 0.5097521546875 0.6609644390625 0.51328125 0.66875 0.5059267234375 0.6678340515625 0.506640625 0.67421875 0.50210129375 0.6747036640624999 0.490625 0.6953125 0.49375 0.725 0.4890625 0.7296875 0.4890625 0.740625 0.503125 0.7578125