48 0.651078125 0.9981875 0.6398906249999999 0.9310625 0.642140625 0.8930312499999999 0.677921875 0.89975 0.70478125 0.8930312499999999 0.691359375 0.852765625 0.68240625 0.81696875 0.68240625 0.77446875 0.6756875 0.749859375 0.6577968750000001 0.7140625 0.635421875 0.68721875 0.6175312500000001 0.662609375 0.566078125 0.6603749999999999 0.559359375 0.69840625 0.56159375 0.745390625 0.554890625 0.772234375 0.5795 0.80803125 0.601859375 0.830390625 0.619765625 0.86171875 0.599625 0.9087031250000001 0.56159375 0.9042187500000001 0.528046875 0.89528125 0.512375 0.8975156249999999 0.50790625 0.98028125 0.5034375 0.9914687499999999 0.635421875 0.9914687499999999 0.651078125 0.9981875
39 0.346078125 0.379765625 0.35846875 0.384625 0.370859375 0.38084375000000004 0.380296875 0.3924375 0.37653125 0.40214062500000003 0.367640625 0.420734375 0.36520312499999996 0.43528124999999995 0.351203125 0.450640625 0.33610937500000004 0.4721875 0.3415 0.474078125 0.34984375 0.46034375 0.3700625 0.43528124999999995 0.37275 0.419921875 0.383796875 0.3908125 0.374375 0.38084375000000004 0.381375 0.379765625 0.381375 0.37734375 0.36628125 0.358484375 0.360359375 0.35929687499999996 0.348765625 0.359828125 0.34553124999999996 0.364140625 0.34715625 0.3751875 0.346078125 0.379765625
39 0.584171875 0.35745312500000004 0.585765625 0.358359375 0.585859375 0.35975 0.5875468749999999 0.361140625 0.58825 0.361640625 0.58925 0.36462500000000003 0.5904375 0.364921875 0.59084375 0.367515625 0.593921875 0.367515625 0.594515625 0.365515625 0.593828125 0.363734375 0.59203125 0.36343749999999997 0.591234375 0.361640625 0.59084375 0.35945312500000004 0.589734375 0.358953125 0.589734375 0.35696875 0.58815625 0.35676562500000003 0.5871562499999999 0.35665625 0.5875468749999999 0.35526562500000003 0.587453125 0.354078125 0.5889375 0.351984375 0.59153125 0.350984375 0.591140625 0.3501875 0.589734375 0.34959375000000004 0.587046875 0.349703125 0.58009375 0.349203125 0.5761093749999999 0.3511875 0.576609375 0.35357812499999997 0.5818749999999999 0.35676562500000003 0.584171875 0.35745312500000004
39 0.26646875 0.563921875 0.263140625 0.573453125 0.27325 0.5845625 0.280328125 0.5841406250000001 0.28307812499999996 0.567671875 0.26646875 0.563921875
39 0.53659375 0.563265625 0.531046875 0.5703437499999999 0.5387500000000001 0.565421875 0.539671875 0.565421875 0.55321875 0.561109375 0.54953125 0.556171875 0.5424375 0.554015625 0.53659375 0.563265625
39 0.227296875 0.625234375 0.2305 0.624984375 0.23151562499999997 0.623953125 0.23215625 0.6214062499999999 0.23240625 0.616796875 0.23228125 0.613734375 0.230109375 0.6111875 0.22653125 0.610671875 0.221296875 0.611953125 0.22040625 0.612328125 0.21746875000000002 0.6132187499999999 0.21734375 0.620640625 0.21976562500000002 0.6233125 0.222953125 0.6248437499999999 0.227296875 0.625234375
39 0.64553125 0.41540625000000003 0.6530625 0.435515625 0.65809375 0.433 0.65809375 0.41540625000000003 0.64553125 0.41540625000000003
39 0.295296875 0.6842343750000001 0.2945625 0.68684375 0.29698437499999997 0.688515625 0.29903124999999997 0.687578125 0.29790625 0.68571875 0.295296875 0.6842343750000001
18 0.26570312500000004 0.8401249999999999 0.2665625 0.8422499999999999 0.27421875 0.84096875 0.27421875 0.83671875 0.27337500000000003 0.830328125 0.27337500000000003 0.8282031249999999 0.27337500000000003 0.820109375 0.27125 0.8124375 0.2665625 0.807765625 0.263578125 0.807765625 0.2555 0.807765625 0.2486875 0.807765625 0.246546875 0.8073281250000001 0.241875 0.805625 0.239734375 0.8060625 0.23548437500000002 0.80903125 0.234625 0.8115937499999999 0.23378125 0.8167031250000001 0.23378125 0.8222343750000001 0.23335937499999998 0.8282031249999999 0.23335937499999998 0.830328125 0.2325 0.839265625 0.23378125 0.8447968749999999 0.23548437500000002 0.8465 0.23931249999999998 0.8473593749999999 0.244421875 0.84565625 0.24528124999999998 0.840546875 0.249953125 0.8396874999999999 0.26528125 0.8384218750000001 0.26570312500000004 0.8401249999999999
39 0.531578125 0.5544687500000001 0.5212656250000001 0.55096875 0.522234375 0.5605 0.52575 0.564 0.531578125 0.5544687500000001
39 0.26945312499999996 0.766109375 0.269671875 0.768296875 0.270765625 0.769625 0.27275 0.76875 0.27275 0.766109375 0.27646875 0.766109375 0.27603125 0.7691874999999999 0.278890625 0.77028125 0.28064062500000003 0.76875 0.281296875 0.766328125 0.284140625 0.766328125 0.2874375 0.7726875 0.296203125 0.775109375 0.303671875 0.774 0.30871875000000004 0.767859375 0.31178125 0.76128125 0.311125 0.7531718749999999 0.304546875 0.74571875 0.295328125 0.744625 0.28678125 0.75009375 0.28304687500000003 0.75953125 0.280859375 0.76171875 0.279765625 0.75734375 0.27559374999999997 0.756453125 0.270328125 0.75734375 0.268140625 0.760625 0.26353125 0.76171875 0.262 0.76259375 0.26549999999999996 0.764796875 0.26945312499999996 0.766109375
39 0.5413281249999999 0.6029687499999999 0.54253125 0.598734375 0.541921875 0.5994843750000001 0.538 0.600546875 0.5345156249999999 0.6015937499999999 0.53315625 0.604015625 0.53225 0.610375 0.53603125 0.607796875 0.535875 0.607953125 0.54146875 0.606140625 0.5413281249999999 0.6029687499999999
48 0.518875 0.919484375 0.5760156249999999 0.919484375 0.596796875 0.877921875 0.573421875 0.8441562499999999 0.518875 0.807796875 0.518875 0.776625 0.54484375 0.7584375 0.5500468749999999 0.716890625 0.54225 0.64415625 0.52665625 0.5948125 0.531859375 0.55325 0.531859375 0.5065000000000001 0.52665625 0.46234374999999994 0.4955 0.39740625 0.417578125 0.42596875 0.417578125 0.46753125000000006 0.43574999999999997 0.5324687499999999 0.42017187500000003 0.5922031249999999 0.399390625 0.612984375 0.32146875 0.7246718750000001 0.318875 0.776625 0.311078125 0.8311718750000001 0.290296875 0.9038906250000001 0.318875 0.9870156250000001 0.4955 0.976625 0.5006875 0.9376562500000001 0.518875 0.919484375