26 0.420578125 0.397421875 0.399828125 0.3988125 0.40190625 0.42507812500000003 0.40225 0.428890625 0.420578125 0.42992187499999995 0.420578125 0.397421875
26 0.369578125 0.408609375 0.3698125 0.41785937500000003 0.372359375 0.419953125 0.384625 0.419484375 0.38484375000000004 0.41809375 0.38578125 0.41370312499999995 0.387171875 0.40676562499999996 0.387859375 0.398890625 0.3869375 0.397046875 0.385078125 0.39403125 0.380453125 0.393796875 0.375828125 0.39403125 0.373515625 0.39473437499999997 0.36934374999999997 0.39518749999999997 0.368421875 0.3984375 0.368890625 0.402828125 0.369578125 0.408609375
40 0.64134375 0.37287499999999996 0.6438125 0.37534375 0.64746875 0.380484375 0.652421875 0.38859374999999996 0.655578125 0.39075000000000004 0.6570625 0.388265625 0.653921875 0.382140625 0.645640625 0.370875 0.64546875 0.3680625 0.641828125 0.36906249999999996 0.641828125 0.368890625 0.640515625 0.37039062500000003 0.64134375 0.37287499999999996
40 0.6368750000000001 0.38851562500000003 0.633515625 0.38151562499999997 0.631984375 0.37646875 0.6287499999999999 0.37520312499999997 0.6258125 0.375625 0.6258125 0.37828125 0.633375 0.39132812499999997 0.639265625 0.39621875 0.6431875 0.39664062499999997 0.6368750000000001 0.38851562500000003
14 0.267953125 0.441125 0.273078125 0.4383125 0.277046875 0.43168749999999995 0.280359375 0.42457812500000003 0.283015625 0.42093749999999996 0.28532812500000004 0.41828125 0.284671875 0.41612499999999997 0.267625 0.41150000000000003 0.25371875 0.410828125 0.242125 0.41200000000000003 0.224578125 0.419765625 0.22525 0.42159375 0.227390625 0.43118749999999995 0.23765624999999999 0.44029687500000003 0.244453125 0.443765625 0.267953125 0.441125
56 0.868140625 0.467421875 0.853453125 0.45692187500000003 0.84575 0.454484375 0.84434375 0.45307812500000005 0.84925 0.43453125000000004 0.8502968750000001 0.42578125 0.8502968750000001 0.41809375 0.84784375 0.4149375 0.8419062500000001 0.415296875 0.832453125 0.419484375 0.8300000000000001 0.44887499999999997 0.82825 0.452734375 0.821953125 0.445375 0.729234375 0.44362500000000005 0.7211875 0.44573437499999996 0.718375 0.44678125 0.737625 0.474421875 0.742171875 0.47582812499999994 0.844 0.477921875 0.8670937500000001 0.47546875 0.87234375 0.474078125 0.868140625 0.467421875
13 0.22112500000000002 0.40006250000000004 0.22032812499999999 0.41765625 0.22071875 0.42565625 0.222328125 0.434453125 0.23071875 0.43765625 0.22712500000000002 0.4260625 0.226328125 0.41765625 0.23312499999999997 0.41606249999999995 0.23671875 0.414859375 0.23551562499999998 0.4140625 0.22751562500000003 0.370859375 0.22312500000000002 0.370453125 0.21832812499999998 0.386859375 0.22112500000000002 0.40006250000000004
13 0.5796875 0.43600000000000005 0.58465625 0.43600000000000005 0.5833125 0.434859375 0.583125 0.43351562499999996 0.583125 0.431796875 0.5835 0.43028125 0.584453125 0.431609375 0.585609375 0.43200000000000005 0.58675 0.431609375 0.58675 0.43065625 0.587328125 0.42740625000000004 0.587140625 0.4253125 0.587328125 0.424546875 0.58809375 0.42340625000000004 0.589234375 0.423015625 0.590953125 0.423015625 0.592671875 0.42321875000000003 0.59325 0.42417187500000003 0.5943906250000001 0.42378125000000005 0.596296875 0.42378125000000005 0.59571875 0.39209375 0.594765625 0.385765625 0.592671875 0.3851875 0.590765625 0.38365625 0.5898125000000001 0.3779375 0.590953125 0.37621875 0.59153125 0.374109375 0.591140625 0.37296874999999996 0.5835 0.373359375 0.5835 0.37507812500000004 0.585421875 0.375640625 0.585609375 0.37698437500000004 0.5865625 0.377546875 0.5865625 0.382515625 0.5779687499999999 0.387484375 0.5764375 0.389 0.57625 0.39473437499999997 0.5764375 0.392859375 0.576640625 0.40793749999999995 0.577015625 0.4253125 0.5773906249999999 0.43314062499999995 0.5796875 0.43600000000000005
40 0.6465625 0.361625 0.64571875 0.36875 0.657671875 0.38128125 0.659953125 0.379859375 0.6511250000000001 0.361625 0.6465625 0.361625
40 0.638234375 0.377390625 0.641859375 0.375890625 0.6378125 0.371 0.6367499999999999 0.367375 0.629078125 0.368234375 0.62971875 0.371421875 0.632703125 0.373984375 0.633765625 0.37675000000000003 0.641640625 0.38825 0.6439843749999999 0.391015625 0.646109375 0.389515625 0.638234375 0.377390625
40 0.644796875 0.364859375 0.64425 0.363578125 0.643640625 0.36265625 0.642109375 0.36135937500000004 0.6406875000000001 0.359765625 0.63959375 0.35934374999999996 0.6383593750000001 0.35928125 0.637015625 0.35928125 0.635359375 0.35934374999999996 0.6351718749999999 0.360265625 0.6350625 0.3608125 0.6345625 0.3611875 0.6344375 0.361671875 0.6345625 0.36234375 0.6346875 0.363640625 0.634875 0.364984375 0.635 0.36546875 0.635796875 0.366015625 0.63609375 0.366515625 0.637328125 0.3674375 0.637390625 0.368234375 0.637390625 0.369390625 0.637625 0.3699375 0.638296875 0.370859375 0.638859375 0.37190625 0.6389218750000001 0.37209375 0.639765625 0.3736875 0.641 0.373984375 0.6408125 0.37324999999999997 0.640390625 0.371234375 0.640453125 0.3699375 0.6400781249999999 0.36915624999999996 0.643265625 0.367609375 0.6438125 0.36657812500000003 0.644546875 0.36578125 0.644796875 0.364859375
60 0.186671875 0.51728125 0.19453125 0.51890625 0.197984375 0.517046875 0.20860937499999999 0.51359375 0.22960937499999998 0.512890625 0.228921875 0.511046875 0.195671875 0.512890625 0.18228125 0.5094375 0.18067187499999998 0.5094375 0.173984375 0.51128125 0.17559375 0.511734375 0.176515625 0.51475 0.186671875 0.51728125
13 0.32084375 0.3763125 0.3216875 0.369046875 0.32084375 0.352828125 0.32209374999999996 0.348046875 0.3191875 0.345125 0.310453125 0.34596875 0.30796875 0.35115625 0.3166875 0.352203125 0.3179375 0.37653125 0.32084375 0.3763125
13 0.3620625 0.190640625 0.36124999999999996 0.19209375 0.36124999999999996 0.199390625 0.357203125 0.20246875000000003 0.356875 0.21818749999999998 0.367734375 0.220453125 0.3691875 0.218671875 0.368703125 0.20231249999999998 0.366765625 0.1990625 0.365953125 0.191296875 0.3620625 0.190640625
13 0.32409374999999996 0.195671875 0.32909375 0.199421875 0.32971875 0.20878125 0.32534375 0.208984375 0.32534375 0.2154375 0.33678125 0.21564062499999997 0.33595312499999996 0.21459375 0.33615625 0.18590625 0.330125 0.18425 0.322640625 0.185703125 0.32409374999999996 0.195671875
13 0.6797187499999999 0.4145 0.6864375 0.41478125 0.687859375 0.412484375 0.6895781249999999 0.40248437499999995 0.6914374999999999 0.399625 0.69315625 0.39904687499999997 0.6944375 0.39904687499999997 0.6954374999999999 0.400484375 0.696875 0.40290625 0.697875 0.411203125 0.69715625 0.41578125000000005 0.699734375 0.412484375 0.6954374999999999 0.388890625 0.6957187499999999 0.376734375 0.6930625 0.375921875 0.68959375 0.375921875 0.688515625 0.37753125 0.68915625 0.378671875 0.68515625 0.38428125 0.6859531249999999 0.393609375 0.680078125 0.40989062499999995 0.6797187499999999 0.4145
60 0.8284062499999999 0.309421875 0.83121875 0.299796875 0.8265156250000001 0.29815625 0.8227656250000001 0.311296875 0.8199375 0.322578125 0.821125 0.337609375 0.8143125 0.346546875 0.8143125 0.355 0.816421875 0.3578125 0.8220625 0.353828125 0.821828125 0.354296875 0.827234375 0.34490625 0.8258125 0.337609375 0.8258125 0.33268749999999997 0.8284062499999999 0.309421875
14 0.778640625 0.43746875 0.7923281249999999 0.43884375000000003 0.8036406250000001 0.43609375000000006 0.8135625 0.42821875 0.8180156249999999 0.41726562500000003 0.816640625 0.4114375 0.80740625 0.4135 0.7991875 0.41760937499999995 0.79884375 0.4206875 0.7937031250000001 0.41965624999999995 0.785484375 0.416578125 0.77246875 0.416578125 0.768015625 0.42309374999999994 0.762546875 0.424796875 0.7663125 0.43062500000000004 0.770765625 0.434734375 0.778640625 0.43746875
14 0.311546875 0.26071875 0.3169375 0.26564062499999996 0.335359375 0.267359375 0.359671875 0.269078125 0.36310937499999996 0.267109375 0.366046875 0.25409375 0.36457812500000003 0.24329687500000002 0.357703125 0.24428125 0.33854687499999997 0.24428125 0.31448437500000004 0.24329687500000002 0.31546875 0.24353125000000003 0.312765625 0.24329687500000002 0.311546875 0.26071875