26 0.110296875 0.58221875 0.1183125 0.58021875 0.112296875 0.530078125 0.09625 0.538109375 0.090234375 0.532078125 0.086234375 0.5280781250000001 0.052140624999999996 0.5260625 0.038109375 0.542109375 0.046125 0.602265625 0.0681875 0.60628125 0.10828125 0.5962500000000001 0.110296875 0.58221875
44 0.816359375 0.702078125 0.80828125 0.70646875 0.7877500000000001 0.73509375 0.79434375 0.757828125 0.8258906250000001 0.76590625 0.8412968749999999 0.7615000000000001 0.858171875 0.72628125 0.8530312500000001 0.724078125 0.849375 0.71528125 0.816359375 0.702078125
38 0.46517187499999996 0.709828125 0.333703125 0.706453125 0.33201562500000004 0.7485937500000001 0.333703125 0.79409375 0.47696875 0.790734375 0.753375 0.783984375 0.765171875 0.7755625 0.738203125 0.70140625 0.658984375 0.70140625 0.6101093750000001 0.70140625 0.46517187499999996 0.709828125
12 0.418 0.286328125 0.41285937500000003 0.187296875 0.31015625 0.19242187500000002 0.307953125 0.19021875 0.30575 0.292203125 0.418 0.286328125
12 0.2015625 0.24514062499999997 0.2015625 0.23809375 0.114203125 0.237796875 0.11068750000000001 0.23751562499999998 0.110390625 0.24484374999999997 0.2015625 0.24514062499999997
12 0.11304687499999999 0.259625 0.203609375 0.261328125 0.20232812500000003 0.25321875 0.11474999999999999 0.251078125 0.11304687499999999 0.259625
12 0.4560625 0.302140625 0.46910937500000005 0.1999375 0.46110937500000004 0.198671875 0.45690625 0.19824999999999998 0.446390625 0.297515625 0.4560625 0.302140625
12 0.207 0.278078125 0.11628125 0.275640625 0.11821875 0.282921875 0.20603125000000003 0.285828125 0.207 0.278078125
12 0.2074375 0.284859375 0.11837500000000001 0.2824375 0.11596875 0.299859375 0.20792187499999998 0.299859375 0.2074375 0.284859375
12 0.20099999999999998 0.277046875 0.205359375 0.272203125 0.204390625 0.268328125 0.203421875 0.268328125 0.201484375 0.269296875 0.11292187499999999 0.269296875 0.11195312500000001 0.277046875 0.11485937500000001 0.277046875 0.20099999999999998 0.277046875
12 0.11376562500000001 0.246171875 0.118125 0.25003125000000004 0.20571875 0.252453125 0.20426562499999998 0.246171875 0.11376562500000001 0.246171875
12 0.203359375 0.23090625 0.128796875 0.22981250000000003 0.12825 0.236390625 0.2028125 0.23693749999999997 0.203359375 0.23090625
12 0.10696874999999999 0.221875 0.10904687500000002 0.228125 0.19684375 0.22915625 0.20204687500000001 0.22985937500000003 0.201359375 0.22326562499999997 0.10696874999999999 0.221875
12 0.10678125000000001 0.22115625 0.198921875 0.22240625 0.1983125 0.2143125 0.10803125 0.21368749999999997 0.10678125000000001 0.22115625
12 0.104546875 0.20371875 0.104546875 0.209 0.120015625 0.210875 0.198453125 0.2105 0.20034375 0.202578125 0.158859375 0.20409375000000002 0.104546875 0.20371875
73 0.7209375 0.31510937499999997 0.38371875 0.317046875 0.36628125 0.32092187499999997 0.36628125 0.6329374999999999 0.38759375 0.63875 0.738375 0.6329374999999999 0.7344999999999999 0.324796875 0.7209375 0.31510937499999997
12 0.9301562499999999 0.55528125 0.9990937499999999 0.6356875 0.99621875 0.533015625 0.93303125 0.54378125 0.9301562499999999 0.55528125