70 0.7323875 0.05926 0.7303675000000001 0.06378 0.7303675000000001 0.07082000000000001 0.7349075 0.07583999999999999 0.7349075 0.07786 0.7349075 0.08188 0.7354075 0.0854 0.7404275 0.08792 0.7434475 0.08792 0.7444474999999999 0.08288 0.7474675000000001 0.07786 0.7484875 0.0683 0.7444474999999999 0.05976 0.7399275000000001 0.05222 0.7313875000000001 0.05222 0.7313875000000001 0.05322 0.7338875 0.05724 0.7323875 0.05926
70 0.6076875 0.06954 0.6032275 0.06767999999999999 0.5950875 0.07046 0.5937875 0.07602 0.5974875 0.08046 0.5987875 0.08843999999999999 0.5999075 0.08974 0.6063875000000001 0.089 0.6076875 0.06954
47 0.43150750000000004 0.61574 0.4382475 0.58202 0.4472475 0.46516 0.4292675 0.3955 0.4270275 0.30112 0.4247675 0.2 0.39556749999999996 0.1618 0.3258875 0.13708 0.2539875 0.17304 0.2405075 0.22022 0.2472475 0.38652000000000003 0.2337675 0.46292 0.2607275 0.59326 0.2674675 0.62472 0.3079275 0.6336999999999999 0.31016750000000004 0.65618 0.3169075 0.67192 0.3798275 0.66742 0.4000475 0.64494 0.3978075 0.62922 0.43150750000000004 0.61574
18 0.5877475 0.36728 0.5740675000000001 0.30762 0.5515675 0.30468 0.5486275 0.26066 0.5818875 0.25773999999999997 0.5916675 0.23914 0.6259075000000001 0.16188 0.5946075000000001 0.1648 0.5593874999999999 0.1834 0.5427675 0.20492 0.5398275 0.25773999999999997 0.5300475 0.26164 0.5075475 0.27436 0.4948275 0.29784 0.5104875 0.35848 0.5290675 0.38098 0.5310275 0.40544 0.5378675 0.43674 0.5525475 0.43772 0.5476475 0.47291999999999995 0.5769875 0.47978 0.5809075 0.47978 0.5848275000000001 0.46509999999999996 0.5877475 0.36728
18 0.4818675 0.26314000000000004 0.4865475 0.26514000000000004 0.48442749999999996 0.29288 0.48388749999999997 0.30935999999999997 0.48706750000000004 0.32155999999999996 0.4918475 0.32794 0.5008874999999999 0.32794 0.5014075 0.28969999999999996 0.5173475 0.26156 0.5136275 0.25623999999999997 0.5077875 0.24402 0.5194675 0.23712 0.5269075 0.23712 0.5300874999999999 0.23234 0.5359275 0.2265 0.5417875000000001 0.22012 0.5433675 0.19994 0.5545275000000001 0.18932 0.5672675 0.17604 0.5681075 0.17556 0.5032675 0.18826 0.4925675 0.21566000000000002 0.4852075 0.24108000000000002 0.4818675 0.26314000000000004
18 0.8013674999999999 0.37748 0.8638674999999999 0.37532 0.8293874999999999 0.42272 0.8078274999999999 0.4766 0.8078274999999999 0.61452 0.8099875000000001 0.69642 0.8380075 0.7977000000000001 0.8724875000000001 0.85158 0.8983475000000001 0.84942 0.9081875 0.8408 0.9048075000000001 0.34514 0.8746475 0.28912 0.8035275000000001 0.29774 0.7905875 0.31066 0.8013674999999999 0.37748
18 0.4779075 0.23284 0.4681475 0.23994 0.46148749999999994 0.24836 0.46148749999999994 0.25458 0.4570475 0.26434 0.46282750000000006 0.2741 0.46636749999999993 0.28076 0.47036749999999994 0.279 0.4761475 0.29496 0.4739275 0.3003 0.47170750000000006 0.30828 0.4761475 0.31982 0.4810275 0.32426 0.48500750000000004 0.32026 0.4867875 0.26612 0.48146750000000005 0.26389999999999997 0.48900750000000004 0.22662 0.4956675 0.20754 0.49922750000000005 0.1951 0.4974475 0.196 0.48324749999999994 0.19954 0.48012750000000004 0.21686 0.4779075 0.2284 0.4779075 0.23284
48 0.2098675 0.21046 0.2051675 0.2407 0.20730749999999998 0.26666 0.2056075 0.27774 0.21454749999999997 0.27602000000000004 0.2196475 0.28242 0.2196475 0.30584 0.2268875 0.3054 0.2277475 0.31732 0.2311475 0.31776 0.2337075 0.30710000000000004 0.2358275 0.29988000000000004 0.23326750000000002 0.25474 0.2264675 0.17809999999999998 0.2247675 0.18108 0.2247675 0.18024 0.2205075 0.1862 0.2132675 0.18832 0.2085875 0.20364 0.2098675 0.21046
18 0.47154749999999995 0.2041 0.4774275 0.19188 0.49780749999999996 0.18826 0.4960075 0.18418 0.45870749999999993 0.18939999999999999 0.45348750000000004 0.20358 0.44228750000000006 0.20656 0.4500675 0.22664 0.46022749999999996 0.22311999999999999 0.4697275 0.22402000000000002 0.47154749999999995 0.2041
72 0.5804475 0.3496 0.5953075 0.44245999999999996 0.6046075 0.50562 0.6101675 0.58178 0.6213275 0.6300600000000001 0.6770475 0.64492 0.6956275 0.62264 0.6956275 0.58178 0.8052075000000001 0.5631999999999999 0.8126475 0.5334800000000001 0.8237875000000001 0.44618 0.8646475 0.39046 0.8795075000000001 0.37932 0.8553675000000001 0.37374 0.7959275 0.37746 0.7922075000000001 0.31057999999999997 0.8293475000000001 0.29758 0.8757875 0.29386 0.8850875 0.31057999999999997 0.9017875 0.34774 0.9073675 0.3533 0.9081875 0.34588 0.8999475 0.253 0.9055075 0.1397 0.9055075 0.09884 0.7569075 0.11742 0.6250275000000001 0.14156 0.5897475 0.266 0.5804475 0.3496
70 0.4796875 0.14472000000000002 0.47694749999999997 0.16338 0.4920275 0.16584000000000002 0.4953075 0.14692 0.4796875 0.14472000000000002