36 0.5337799999999999 0.7031675 0.5428 0.7027475 0.5469999999999999 0.7067275000000001 0.5495 0.7119675 0.54972 0.7151275 0.55392 0.7151275 0.55686 0.7191075 0.55874 0.7182675 0.55938 0.7136475 0.5576800000000001 0.7037875 0.5644 0.7012674999999999 0.57028 0.6924675 0.57048 0.6905675 0.5746800000000001 0.6847075 0.57952 0.6874275 0.58328 0.6912075 0.58392 0.6905675 0.58392 0.6874275 0.5791000000000001 0.6777675000000001 0.57594 0.6756675000000001 0.5696399999999999 0.6756675000000001 0.5623 0.6784074999999999 0.5522400000000001 0.6802875 0.54866 0.6840675 0.54216 0.6842875 0.52916 0.6840675 0.52832 0.6855475 0.52476 0.6924675 0.52286 0.7008475 0.52118 0.7063075000000001 0.51656 0.7193075 0.52286 0.7096675 0.5195000000000001 0.7188875 0.52286 0.7132275 0.52644 0.7063075000000001 0.52874 0.7010675 0.53084 0.7050474999999999 0.53042 0.7140675 0.53062 0.7130275 0.5354599999999999 0.7191075 0.53734 0.7182675 0.5323 0.7086075000000001 0.5337799999999999 0.7031675
48 0.82728 0.7828475 0.82728 0.7810675 0.82728 0.7775274999999999 0.8290599999999999 0.7721875 0.8290599999999999 0.7562075 0.8290599999999999 0.7455675 0.8290599999999999 0.7313675 0.83084 0.7242675000000001 0.8361599999999999 0.7047275 0.8290599999999999 0.6940875 0.8183999999999999 0.6887475000000001 0.80242 0.6887475000000001 0.79888 0.7011875 0.80066 0.7136075 0.80066 0.7331274999999999 0.80242 0.7473474999999999 0.80066 0.7544475 0.80242 0.7810675 0.8059799999999999 0.7792875 0.8237399999999999 0.7881675 0.82728 0.7828475
48 0.74454 0.7191875 0.7460600000000001 0.7171274999999999 0.74854 0.7262475 0.75048 0.7262475 0.7500600000000001 0.7227875 0.748 0.7125475 0.7500600000000001 0.7073075 0.748 0.7016275000000001 0.7484 0.6941474999999999 0.74508 0.6912475 0.74578 0.6872475 0.74468 0.6859875 0.74204 0.6862675 0.74122 0.6877875 0.7421800000000001 0.6901474999999999 0.74052 0.6916675 0.7414799999999999 0.6969274999999999 0.7399600000000001 0.7041075 0.7399600000000001 0.7153275 0.74136 0.7179475 0.74136 0.7241675 0.74136 0.7257075000000001 0.7442599999999999 0.7259675 0.74454 0.7191875
48 0.7179 0.7111875000000001 0.71886 0.7157875 0.7210799999999999 0.7135675 0.72204 0.7134075 0.7238 0.7167475 0.7258600000000001 0.7150075 0.72714 0.7073674999999999 0.7257 0.7032275 0.7264999999999999 0.6987675 0.72538 0.6930475 0.7230000000000001 0.6890674999999999 0.71934 0.6905075 0.7203 0.6936875 0.72014 0.6959075 0.7171000000000001 0.7016275000000001 0.7195 0.6982875 0.71696 0.7062475 0.7179 0.7111875000000001
48 0.58464 0.7152275 0.58814 0.7165675 0.59272 0.7168275000000001 0.59568 0.7216875 0.5972999999999999 0.7216875 0.59864 0.7144075 0.59622 0.7136075 0.5978399999999999 0.7004275 0.59596 0.6891075 0.59246 0.6861475 0.59246 0.6840075 0.5889599999999999 0.6794275 0.58572 0.6796875 0.58518 0.6842675 0.5860000000000001 0.6864275 0.5865400000000001 0.6901875000000001 0.58572 0.6931475 0.58492 0.6982675 0.58222 0.7001475 0.58626 0.7009675 0.58492 0.7084875 0.5814199999999999 0.7138675 0.58114 0.7160275 0.5860000000000001 0.7216875 0.58464 0.7152275
48 0.404 0.7207275 0.40532 0.7155674999999999 0.40666 0.7134075 0.40682 0.7052674999999999 0.40648 0.6977875 0.41014 0.6972875000000001 0.41014 0.6954475 0.4035 0.6846475 0.40499999999999997 0.6813275 0.4025 0.6765075 0.4 0.6776675 0.39834 0.6844875 0.39436 0.6899675000000001 0.39402 0.6909675 0.39818 0.6931275 0.39768 0.6977875 0.40266 0.6984475 0.40234 0.7017675 0.40049999999999997 0.7070875 0.40118 0.7149075 0.40216 0.7155674999999999 0.40234 0.7180675 0.3995 0.7190675 0.4 0.7195674999999999 0.40018000000000004 0.7198875 0.404 0.7207275
48 0.35438000000000003 0.6763075 0.3524 0.6834475 0.35358 0.6941875 0.35598 0.7092674999999999 0.35558 0.7227875 0.35994000000000004 0.7275475 0.3651 0.7283475 0.3655 0.6882275 0.35954 0.6810674999999999 0.35796 0.6743275 0.35438000000000003 0.6763075
48 0.15932 0.7501875 0.15708 0.7346075 0.1645 0.7338675 0.16228 0.7205275 0.1645 0.7108875 0.16302 0.7064475 0.16228 0.6879075 0.1608 0.6849475 0.15411999999999998 0.6775475 0.15116000000000002 0.6686475 0.14522 0.6686475 0.14374 0.6716075 0.14374 0.6790275 0.14745999999999998 0.6805075 0.143 0.6842075000000001 0.14226 0.7042275 0.13856 0.7168275000000001 0.14078 0.7212675 0.14226 0.7272075 0.14596 0.7412875 0.13856 0.7516675 0.13708 0.7524075 0.15708 0.7546275 0.15932 0.7501875
72 0.45602 0.6817075 0.45602 0.6928275 0.45339999999999997 0.7046075 0.4462 0.7078875 0.44227999999999995 0.7150675 0.44686000000000003 0.7248875 0.45014000000000004 0.7268475 0.45406 0.7176875 0.45602 0.7176875 0.46714 0.7183474999999999 0.48744 0.7222675 0.49202 0.7275075 0.49135999999999996 0.7157275000000001 0.49528 0.7163875 0.50182 0.7229275000000001 0.5051 0.7052674999999999 0.5005200000000001 0.6974075 0.50118 0.6849675000000001 0.50118 0.6745075 0.47958 0.6699275 0.46387999999999996 0.6712275 0.45797999999999994 0.6751674999999999 0.45602 0.6817075
48 0.77178 0.6977675 0.77178 0.6926475 0.76912 0.6884475 0.76712 0.6868875 0.7651399999999999 0.6842275 0.7626999999999999 0.6780075 0.76024 0.6780075 0.75758 0.6820075 0.7578 0.6855475 0.7567 0.6897675 0.75536 0.6937675 0.75514 0.7028675 0.7546999999999999 0.7144075 0.7571399999999999 0.7146275 0.75582 0.7235075 0.76158 0.7248275 0.7620199999999999 0.7161875 0.76314 0.7135075 0.76314 0.7199475 0.76336 0.7228275 0.7668999999999999 0.7230675 0.76802 0.7206275 0.76668 0.7144075 0.7668999999999999 0.7073075 0.77024 0.7008675 0.77178 0.6977675
31 0.7226600000000001 0.7662675 0.7245199999999999 0.7610075000000001 0.72048 0.7538674999999999 0.7170799999999999 0.7492075 0.71614 0.7479675 0.71086 0.7433075 0.7068399999999999 0.7442475 0.7012400000000001 0.7495275 0.69722 0.7594475 0.7 0.7656475 0.70094 0.7675075 0.69194 0.7749475 0.6938 0.7796075 0.69628 0.7817875 0.69814 0.7827075 0.69938 0.7833275000000001 0.70062 0.7842675 0.7028 0.7858075 0.70312 0.7904675 0.70312 0.7914075 0.70156 0.8041075 0.72048 0.8050475 0.7208 0.7715474999999999 0.7226600000000001 0.7662675
48 0.11823999999999998 0.6976475 0.11886000000000001 0.7001275 0.11886000000000001 0.7041475 0.11948 0.7094075 0.1204 0.7131274999999999 0.12194 0.7159074999999999 0.12256 0.7174475 0.12318 0.7242675000000001 0.12318 0.7285874999999999 0.12287999999999999 0.7338675 0.12287999999999999 0.7388075 0.12287999999999999 0.7474675000000001 0.12503999999999998 0.7499475 0.12628 0.7499475 0.13072 0.7421274999999999 0.13140000000000002 0.7387475 0.13140000000000002 0.7374075 0.13140000000000002 0.7353875000000001 0.13140000000000002 0.7343875 0.13140000000000002 0.7327075 0.13140000000000002 0.7306874999999999 0.13140000000000002 0.7286675 0.13140000000000002 0.7266475 0.13140000000000002 0.7249675 0.13140000000000002 0.7229475 0.13140000000000002 0.7189075 0.13140000000000002 0.7182475 0.13140000000000002 0.7162275 0.13140000000000002 0.7138675 0.13140000000000002 0.7118475 0.13140000000000002 0.7091675000000001 0.13140000000000002 0.7054674999999999 0.13106 0.7027675 0.13038 0.7014275 0.13004 0.6990675000000001 0.12972 0.6980675 0.12904 0.6963675 0.12869999999999998 0.6933475 0.12802 0.6903275 0.12802 0.6883075 0.12869999999999998 0.6859474999999999 0.12869999999999998 0.6809075 0.12869999999999998 0.6778675 0.12534 0.6758675000000001 0.12164 0.6761874999999999 0.1203 0.6785475 0.1166 0.6856074999999999 0.11699999999999999 0.6871275 0.11668 0.6905275 0.11823999999999998 0.6976475
48 0.27056 0.6842675 0.27 0.6853875 0.27 0.6874475 0.27018 0.6880075 0.27018 0.6885875 0.26886 0.6891475 0.26680000000000004 0.6904675 0.26474000000000003 0.6921475 0.2636 0.6936475 0.26172 0.6960875 0.26098 0.6974075 0.25928 0.7007875 0.25948000000000004 0.7045475 0.25966 0.7058675 0.25966 0.7068075 0.26022 0.7103675 0.2606 0.7109475 0.26098 0.7115075 0.26172 0.7128275000000001 0.26248 0.7131875 0.26324000000000003 0.7148875 0.26342 0.7152675000000001 0.26398 0.7158275 0.26436000000000004 0.7171475 0.26436000000000004 0.7201475 0.26454 0.7216475 0.26492 0.7233475 0.26474000000000003 0.7261675000000001 0.26474000000000003 0.7274675 0.2653 0.7282275 0.26680000000000004 0.7286075000000001 0.26905999999999997 0.7286075000000001 0.26905999999999997 0.7295475 0.26905999999999997 0.7325475 0.26905999999999997 0.7349875 0.26792 0.7380074999999999 0.26792 0.7385675 0.26792 0.7387475 0.26868 0.7396874999999999 0.26868 0.7398875 0.27188 0.7400675 0.27188 0.7389475 0.27188 0.7361275 0.27168000000000003 0.7351875 0.27168000000000003 0.7318075 0.27168000000000003 0.7308675 0.27168000000000003 0.7284075 0.273 0.7289875 0.2747 0.7289875 0.2762 0.7295475 0.27714 0.7301075 0.27881999999999996 0.7291675 0.27881999999999996 0.7255874999999999 0.27846000000000004 0.7244675 0.2792 0.7197675 0.28032 0.7190274999999999 0.28164 0.7178875 0.28372 0.7162075 0.28578000000000003 0.7131875 0.28616 0.7124475 0.28616 0.7109475 0.28502 0.7075675 0.28484 0.7069875 0.28446 0.7056875 0.28428 0.7049274999999999 0.2824 0.6987275000000001 0.28146 0.6951475 0.28108 0.6944075 0.28052 0.6929075 0.27881999999999996 0.6912075 0.27808 0.6912075 0.27694 0.6912075 0.27637999999999996 0.6910275 0.27599999999999997 0.6904675 0.27582 0.6900875 0.2762 0.6895275 0.27676 0.6883874999999999 0.27694 0.6852075 0.27694 0.6838875 0.27694 0.6831275 0.2762 0.6831275 0.27412000000000003 0.6827475 0.27282 0.6825675 0.27224 0.6825675 0.27056 0.6842675
48 0.35684 0.7269275000000001 0.35414 0.7062674999999999 0.35414 0.6901075 0.35009999999999997 0.6802275 0.3465 0.6739275 0.34382 0.6766275 0.34156 0.6838075 0.33527999999999997 0.7004275 0.33798 0.7233275 0.34112 0.7323075 0.35684 0.7269275000000001
48 0.32934 0.6948675 0.33318 0.6981275 0.332313334375 0.707820834375 0.33536 0.7139475 0.32772 0.7230475000000001 0.3318 0.7275275 0.32996 0.7306874999999999 0.3326 0.7304275 0.33298 0.7332075 0.33562 0.7321475000000001 0.33826 0.7337275 0.33392 0.7250275 0.33892 0.7229075 0.335286665625 0.720774165625 0.3384 0.7181675000000001 0.33490000000000003 0.7002275 0.34084 0.6883475 0.3393 0.6850875000000001 0.34026 0.6814475 0.33816 0.6764475 0.33527999999999997 0.6760675 0.3324 0.6770275 0.3301 0.6802875 0.32992 0.6856675 0.32320000000000004 0.6906475000000001 0.32358 0.6944675 0.32934 0.6948675
48 0.31138 0.7579275 0.31492 0.7619475 0.31658 0.7336075 0.32012 0.7319675 0.32248 0.7449475 0.32366 0.7567475 0.3272 0.7638275 0.33192 0.7638275 0.32838 0.7432875 0.32838 0.7395075 0.33026 0.7225275 0.3397 0.7088275 0.33355999999999997 0.6982075 0.32248 0.6925475 0.32058 0.6831075 0.31232000000000004 0.6847675 0.31185999999999997 0.6930275 0.30878 0.6965675 0.30596 0.7078875 0.30714 0.7225275 0.30476000000000003 0.7208675 0.31232000000000004 0.7350275 0.31138 0.7579275
72 0.6956 0.7107675 0.69466 0.7139274999999999 0.69844 0.7167675 0.6997 0.7167675 0.70034 0.7132875000000001 0.70066 0.7110875 0.7069799999999999 0.7110875 0.7069799999999999 0.7120275 0.70634 0.7155075 0.7230800000000001 0.7174075 0.7275 0.7132875000000001 0.73128 0.7098275000000001 0.73224 0.7025675 0.72844 0.7025675 0.72908 0.6918275 0.7287600000000001 0.6861475 0.72498 0.6864475 0.72434 0.6719275 0.69182 0.6694074999999999 0.69118 0.6994075 0.68834 0.7136075 0.69182 0.7148675 0.69056 0.7104475 0.6956 0.7107675
48 0.154 0.6786875 0.162 0.6866875 0.172 0.6826875 0.176 0.6946875 0.19 0.7066874999999999 0.21000000000000002 0.7066874999999999 0.22200000000000003 0.6966875 0.22599999999999998 0.6866875 0.22599999999999998 0.6746875 0.242 0.670154165625 0.282 0.6786875 0.27999999999999997 0.6926875 0.285333334375 0.701354165625 0.286 0.7106874999999999 0.282 0.7186874999999999 0.284 0.7406875 0.298 0.7526875000000001 0.318 0.7526875000000001 0.322 0.7486875000000001 0.322 0.7426875 0.32999999999999996 0.7426875 0.33199999999999996 0.7246875 0.314666665625 0.711354165625 0.307 0.7116875 0.306 0.7046875 0.311 0.6946875 0.324 0.6906875 0.32 0.6846875 0.32999999999999996 0.6806875 0.392 0.6706875 0.398 0.6786875 0.404 0.6806875 0.40800000000000003 0.6926875 0.40599999999999997 0.7166875 0.41200000000000003 0.7226874999999999 0.42400000000000004 0.7226874999999999 0.43 0.7146874999999999 0.43 0.6866875 0.546 0.6866875 0.5559999999999999 0.7001875 0.546 0.7026875 0.548 0.7086875 0.562 0.7206875 0.5820000000000001 0.7206875 0.584 0.7106874999999999 0.5980000000000001 0.7186874999999999 0.5980000000000001 0.7226874999999999 0.606 0.7286875 0.632 0.7286875 0.64 0.7346874999999999 0.6599999999999999 0.7346874999999999 0.6719999999999999 0.7266874999999999 0.6839999999999999 0.7366875 0.704 0.7366875 0.718 0.7226874999999999 0.728 0.7306874999999999 0.748 0.7306874999999999 0.75 0.7226874999999999 0.756 0.7226874999999999 0.756 0.7146874999999999 0.745 0.7136875 0.74 0.7046875 0.748 0.6946875 0.756 0.6926875 0.756 0.6846875 0.748 0.6786875 0.728 0.6786875 0.712 0.6906875 0.704 0.6846875 0.636 0.6826875 0.628 0.6766875 0.606 0.6766875 0.596 0.6826875 0.5820000000000001 0.6686875 0.562 0.6686875 0.5559999999999999 0.688020834375 0.548 0.6806875 0.42800000000000005 0.6582874999999999 0.41900000000000004 0.6636875 0.418 0.656420834375 0.41200000000000003 0.6526875000000001 0.40800000000000003 0.654554165625 0.398 0.6526875000000001 0.392 0.6586875 0.3874545453125 0.6550511359375 0.32418181874999996 0.6692329546875 0.316 0.6666875 0.3136363640625 0.671596590625 0.306 0.6666875 0.303090909375 0.673960228125 0.296 0.6666875 0.23199999999999998 0.668020834375 0.22200000000000003 0.6658875 0.22200000000000003 0.6646875 0.21200000000000002 0.663754165625 0.21000000000000002 0.6546875 0.202 0.6616208343750001 0.2 0.6546875 0.192 0.6594875 0.19 0.6546875 0.184 0.6586875 0.172 0.655220834375 0.178 0.6446875000000001 0.16599999999999998 0.6346875 0.146 0.6346875 0.152 0.650954165625 0.132 0.6466875 0.13 0.6686875 0.132 0.6746875 0.142 0.6846875 0.154 0.6786875