61 0.6737656249999999 0.5974375000000001 0.676359375 0.592234375 0.675890625 0.585140625 0.673296875 0.582078125 0.668796875 0.5804218750000001 0.6655 0.57971875 0.660765625 0.57971875 0.6581718750000001 0.581125 0.656046875 0.58396875 0.654859375 0.58775 0.654859375 0.592234375 0.655328125 0.592 0.6569843750000001 0.597671875 0.663609375 0.600265625 0.668328125 0.600265625 0.6737656249999999 0.5974375000000001
48 0.486234375 0.419640625 0.48462500000000003 0.45032812499999997 0.49431250000000004 0.46485937499999996 0.5153125000000001 0.49878125000000006 0.5169374999999999 0.52140625 0.505625 0.55371875 0.507234375 0.603796875 0.507234375 0.6199375 0.502390625 0.649015625 0.48462500000000003 0.6619375 0.4523125 0.670015625 0.42485937500000004 0.691015625 0.4103125 0.702328125 0.3893125 0.707171875 0.38446875 0.71040625 0.37315624999999997 0.72171875 0.37315624999999997 0.723328125 0.36184375 0.733015625 0.357 0.7475625 0.36184375 0.76209375 0.36507812500000003 0.7734062500000001 0.369921875 0.78309375 0.378 0.779875 0.38446875 0.7734062500000001 0.3893125 0.76371875 0.39415625 0.754015625 0.4103125 0.7475625 0.432921875 0.7378750000000001 0.48139062499999996 0.713640625 0.5137031249999999 0.69425 0.523390625 0.676484375 0.554078125 0.65709375 0.56378125 0.624796875 0.57346875 0.603796875 0.581546875 0.6086406249999999 0.6219375 0.63771875 0.6542343749999999 0.65709375 0.6800937499999999 0.692640625 0.717234375 0.72171875 0.7269375 0.7556406250000001 0.7689375 0.74271875 0.7850937499999999 0.734640625 0.78346875 0.7249531250000001 0.775390625 0.723328125 0.7479375 0.707171875 0.72046875 0.670015625 0.6833125 0.63771875 0.6542343749999999 0.61025 0.6219375 0.5520937499999999 0.6041562500000001 0.49878125000000006 0.6041562500000001 0.497171875 0.61546875 0.482640625 0.631625 0.47940625 0.64615625 0.476171875 0.655859375 0.45032812499999997 0.655859375 0.440640625 0.639703125 0.41478125 0.628390625 0.403484375 0.6073906250000001 0.38409375 0.5896250000000001 0.366328125 0.5718593750000001 0.355015625 0.546 0.355015625 0.534703125 0.350171875 0.5314687499999999 0.335625 0.508859375 0.33078124999999997 0.49431250000000004 0.33078124999999997 0.47654687500000004 0.343703125 0.47654687500000004 0.3469375 0.48139062499999996 0.350171875 0.483 0.37117187500000004 0.48946875 0.38732812499999997 0.49107812500000003 0.403484375 0.486234375 0.419640625
48 0.231890625 0.1430625 0.228078125 0.18128125 0.228078125 0.21184375000000003 0.24717187499999999 0.224828125 0.254046875 0.223296875 0.254046875 0.212609375 0.24870312499999997 0.175921875 0.251765625 0.1560625 0.258640625 0.1560625 0.258640625 0.172109375 0.270859375 0.22559374999999998 0.2815625 0.22789062499999999 0.294546875 0.23246875 0.317484375 0.23553125000000003 0.309078125 0.20878125 0.30371875 0.1935 0.294546875 0.172109375 0.293796875 0.146125 0.2915 0.160640625 0.267046875 0.146890625 0.238 0.1430625 0.231890625 0.1430625
48 0.43581250000000005 0.15240625000000002 0.41984374999999996 0.1421875 0.40837500000000004 0.14625 0.40632812500000004 0.166734375 0.40837500000000004 0.206453125 0.4091875 0.23348437500000002 0.42065625000000006 0.24084374999999997 0.434984375 0.23675000000000002 0.43621875 0.23553125000000003 0.43949999999999995 0.21996875 0.434578125 0.187609375 0.43581250000000005 0.170828125 0.43581250000000005 0.15240625000000002
4 0.6190625 0.538875 0.627046875 0.548109375 0.637546875 0.5195624999999999 0.652203125 0.449984375 0.656765625 0.44870312500000004 0.65878125 0.44523437499999996 0.6580468749999999 0.44067187499999994 0.6527499999999999 0.43920312499999997 0.649453125 0.43956249999999997 0.647453125 0.44176562500000005 0.6489616484375 0.4574545453125 0.64247869375 0.47239488593749995 0.638375 0.47631249999999997 0.639237215625 0.47986505625 0.63459765625 0.48323828124999996 0.6359957390625001 0.4873352265625 0.6308203125 0.4901640625 0.6327542609375 0.4948053984375 0.62704296875 0.49708984375 0.6295127843749999 0.50227556875 0.6232656249999999 0.504015625 0.6262713062499999 0.5097457390625 0.6201875 0.5128333328125 0.6230298296875 0.5172159093750001 0.617109375 0.5216510421875 0.6197883515625 0.5246860796874999 0.61403125 0.53046875 0.61990625 0.53425 0.6190625 0.538875
5 0.12125 0.613578125 0.12425 0.621609375 0.119234375 0.640171875 0.1398125 0.65371875 0.157375 0.6597500000000001 0.16390625 0.655734375 0.17545312500000002 0.624109375 0.15787500000000002 0.60403125 0.15787500000000002 0.593 0.170421875 0.58696875 0.16590625 0.5784374999999999 0.15437499999999998 0.5759375 0.143828125 0.5759375 0.1403125 0.5769375 0.136296875 0.581953125 0.125765625 0.595 0.12425 0.5970156249999999 0.12175 0.60303125 0.12125 0.613578125
8 0.470890625 0.207015625 0.470890625 0.189890625 0.47367187499999996 0.182484375 0.478296875 0.18156250000000002 0.510234375 0.19914062500000002 0.508375 0.18062499999999998 0.500515625 0.17553125 0.47921874999999997 0.17878125 0.470890625 0.18340625 0.41256250000000005 0.1986875 0.41256250000000005 0.184796875 0.40515625 0.18340625 0.40099999999999997 0.177390625 0.40053124999999995 0.14221875 0.37090625 0.1421875 0.364890625 0.14360937499999998 0.363046875 0.165359375 0.36257812500000003 0.20192187499999997 0.368140625 0.22090625 0.416734375 0.21071875 0.470890625 0.207015625
48 0.664046875 0.188921875 0.66565625 0.1421875 0.615703125 0.14540625000000001 0.614078125 0.19537500000000002 0.6318125 0.21150000000000002 0.6624375 0.20987499999999998 0.664046875 0.188921875
48 0.511484375 0.202859375 0.575875 0.195859375 0.5835781250000001 0.18746875000000002 0.5814843749999999 0.14265624999999998 0.49678125 0.143359375 0.49678125 0.160859375 0.5051875 0.17696875 0.5086875 0.197265625 0.511484375 0.202859375
48 0.164328125 0.24114062500000003 0.199671875 0.23584375 0.19790625 0.17221875 0.219109375 0.14571875 0.11485937500000001 0.1421875 0.102484375 0.2535 0.1501875 0.24290625000000002 0.15903125 0.20226562499999998 0.164328125 0.24114062500000003
48 0.42893749999999997 0.15814062499999998 0.43704687499999995 0.177921875 0.44009375000000006 0.195171875 0.43704687499999995 0.19821875 0.43704687499999995 0.209390625 0.4375625 0.21090625 0.4715625 0.205328125 0.47459375000000004 0.17385937499999998 0.481703125 0.15103125 0.48373437499999994 0.14290624999999998 0.42690625000000004 0.1421875 0.42893749999999997 0.15814062499999998
48 0.722203125 0.1710625 0.7419374999999999 0.193 0.75071875 0.198359375 0.76534375 0.197390625 0.772171875 0.1908125 0.770703125 0.185203125 0.75925 0.178859375 0.754625 0.164484375 0.7560781249999999 0.152546875 0.761203125 0.1471875 0.7655937500000001 0.1421875 0.7178125 0.1421875 0.7207343749999999 0.15790625 0.722203125 0.1710625
48 0 0.60584375 0.022093750000000002 0.601171875 0.054000000000000006 0.6050625000000001 0.120140625 0.620625 0.12792187500000002 0.633078125 0.13570312499999998 0.650203125 0.14115625 0.6587500000000001 0.1559375 0.664203125 0.161390625 0.66109375 0.168390625 0.6447499999999999 0.168390625 0.626078125 0.168390625 0.62296875 0.1645 0.610515625 0.15437499999999998 0.6050625000000001 0.15982812500000002 0.587171875 0.15437499999999998 0.578609375 0.13415625 0.5809375 0.120921875 0.599625 0.07734375 0.58328125 0.043890625 0.578609375 0.01509375 0.5630468750000001 0.0003125 0.5583750000000001 0.013546875 0.554484375 0.022093750000000002 0.5373593750000001 0.025984374999999997 0.5256875 0.028328125 0.5116875000000001 0.02521875 0.485234375 0 0.4735625 0 0.60584375
48 0.06290625 0.22153125 0.06290625 0.25421875 0.067578125 0.26354687499999996 0.08937500000000001 0.258875 0.10493749999999999 0.2464375 0.10959375 0.2051875 0.10104687500000001 0.178734375 0.084703125 0.1600625 0.09403125 0.1421875 0.044234375 0.1421875 0.037234375 0.17640625000000001 0.06290625 0.22153125
48 0.29889062499999997 0.15234375 0.30240625 0.1716875 0.31646874999999997 0.220921875 0.36746875 0.2226875 0.36746875 0.20950000000000002 0.363953125 0.163765625 0.369234375 0.142671875 0.299765625 0.1421875 0.29889062499999997 0.15234375