13 0.43864000000000003 0.30106 0.41052 0.30106 0.40968 0.3325 0.39561999999999997 0.3449 0.38982 0.35648 0.38404 0.3689 0.3832 0.39042 0.3832 0.55754 0.38818 0.5757399999999999 0.4039 0.58236 0.44526000000000004 0.58236 0.47008 0.5724199999999999 0.47008 0.36642 0.46346 0.34738 0.43945999999999996 0.33083999999999997 0.43864000000000003 0.30106
48 0.1363 0.34731999999999996 0.14448 0.36774 0.1363 0.37388 0.1261 0.38306 0.1261 0.39532 0.13018000000000002 0.39736 0.20676 0.38917999999999997 0.20573999999999998 0.3851 0.1945 0.37592 0.18838 0.36876000000000003 0.1945 0.35856 0.19348 0.34018000000000004 0.19041999999999998 0.32692 0.17816 0.31466 0.1557 0.3065 0.14550000000000002 0.3116 0.13734 0.32384 0.1363 0.34731999999999996
41 0.30682 0.6333599999999999 0.2647 0.39672 0.01002 0.40876 0.00402 0.39872 0.00402 0.8499399999999999 0.39706 0.77574 0.39906 0.74766 0.30682 0.6333599999999999
44 0.49878 0.75598 0.51098 0.74988 0.51708 0.73768 0.5186200000000001 0.72242 0.51302 0.7087 0.5054000000000001 0.69396 0.49013999999999996 0.68532 0.47184 0.68024 0.45608000000000004 0.6827799999999999 0.42762 0.69396 0.42812 0.7137800000000001 0.43524 0.72394 0.44387999999999994 0.73614 0.47081999999999996 0.75344 0.47236 0.75496 0.47896 0.758 0.49878 0.75598
12 0.79558 0.51702 0.9879200000000001 0.57246 0.9957 0.5404 0.9549799999999999 0.52654 0.7869200000000001 0.49362000000000006 0.79558 0.51702
12 0.98438 0.69616 0.95016 0.66878 0.99292 0.65282 0.8252599999999999 0.5376000000000001 0.66386 0.5764 0.6621400000000001 0.59978 0.77962 0.73436 0.9837999999999999 0.72524 0.9883599999999999 0.71726 0.9883599999999999 0.7064199999999999 0.98438 0.69616
12 0.99832 0.49763999999999997 1 0.45065999999999995 0.9244999999999999 0.43556 0.8389200000000001 0.4473 0.8339000000000001 0.45738 0.99664 0.49932 0.99832 0.49763999999999997
12 0.86638 0.56856 0.9818 0.6043000000000001 0.99968 0.6014 0.99918 0.58208 0.9846999999999999 0.58498 0.79782 0.5241399999999999 0.79684 0.54296 0.7983 0.54586 0.82534 0.5381400000000001 0.86638 0.56856
26 0.3085 0.6038 0.35406 0.6062000000000001 0.36444 0.57184 0.36604000000000003 0.49673999999999996 0.29491999999999996 0.49673999999999996 0.29252 0.55028 0.3085 0.6038
54 0.59578 0.41323999999999994 0.59316 0.42006 0.58948 0.4327 0.58474 0.44268 0.58474 0.4469 0.58474 0.46268000000000004 0.58948 0.46109999999999995 0.59316 0.44848 0.59316 0.44216 0.60158 0.43112000000000006 0.61104 0.41954 0.6163000000000001 0.40743999999999997 0.6184000000000001 0.39902000000000004 0.6168199999999999 0.39008 0.61104 0.38168 0.60526 0.38482 0.60104 0.39324 0.60526 0.3922 0.60158 0.39378 0.5984200000000001 0.40586 0.59578 0.41323999999999994
12 0.5037200000000001 0.69402 0.50666 0.6981200000000001 0.5178 0.7075199999999999 0.53248 0.70928 0.6522 0.7180799999999999 0.77074 0.73158 0.75078 0.68814 0.6738999999999999 0.5936600000000001 0.61288 0.58134 0.54362 0.55434 0.52132 0.61302 0.5037200000000001 0.69402