28 0.342421875 0.5810625 0.336359375 0.5447031250000001 0.32121875 0.54621875 0.29696875 0.54621875 0.27425 0.5825781250000001 0.242421875 0.60984375 0.248484375 0.608328125 0.342421875 0.6189375 0.342421875 0.5810625
40 0.758515625 0.416796875 0.758515625 0.41137499999999994 0.754046875 0.412328125 0.752125 0.41840625 0.74925 0.43053125000000003 0.757234375 0.432453125 0.758515625 0.416796875
42 0.5418125 0.265953125 0.53740625 0.26303125 0.538875 0.376 0.7376875 0.368671875 0.7325468749999999 0.25568749999999996 0.5418125 0.265953125
46 0.52534375 0.48479687499999996 0.5202656250000001 0.636828125 0.71621875 0.65034375 0.7229687499999999 0.5084531250000001 0.7297343749999999 0.48479687499999996 0.731421875 0.41046875 0.5540468749999999 0.40540624999999997 0.5608125 0.40878125 0.559125 0.459453125 0.52534375 0.48479687499999996
13 0.97296875 0.528453125 0.9715468749999999 0.539328125 0.97296875 0.586125 0.9994375 0.5885 0.9994375 0.47315625 0.9932968750000001 0.475984375 0.993765625 0.486390625 0.98525 0.49584374999999997 0.97296875 0.528453125
13 0.9717968750000001 0.551640625 0.9717968750000001 0.5510312500000001 0.9717968750000001 0.547953125 0.9721093749999999 0.541484375 0.973640625 0.533484375 0.9767187500000001 0.524265625 0.980109375 0.5091875 0.9927187500000001 0.485796875 0.9899531250000001 0.48303124999999997 0.9905625 0.478421875 0.991484375 0.4731875 0.991484375 0.46703124999999995 0.9871874999999999 0.4655 0.972421875 0.46734375000000006 0.96934375 0.468875 0.9690312499999999 0.470734375 0.9797968750000001 0.47103124999999996 0.98071875 0.4731875 0.9822656249999999 0.47534375000000006 0.9831875 0.480875 0.9797968750000001 0.482421875 0.977953125 0.49071875 0.9742656249999999 0.49564062499999995 0.970875 0.504265625 0.9675 0.5131875 0.9659531250000001 0.518109375 0.9653437500000001 0.52334375 0.9637968750000001 0.544875 0.9615937499999999 0.5601875 0.9701718749999999 0.5644843749999999 0.9717968750000001 0.551640625
40 0.73615625 0.42609375 0.735875 0.428875 0.735875 0.42957812500000003 0.7362968750000001 0.430265625 0.739359375 0.430265625 0.7418750000000001 0.430828125 0.7425625 0.430828125 0.743546875 0.430828125 0.7438125 0.428328125 0.742 0.426375 0.742 0.4099375 0.7413125 0.40728125000000004 0.737828125 0.40589062499999995 0.73490625 0.406734375 0.733921875 0.41007812499999996 0.734203125 0.41174999999999995 0.733921875 0.41090625000000003 0.734203125 0.4135625 0.7346250000000001 0.41703124999999996 0.73615625 0.4215 0.73615625 0.42609375
40 0.7496875000000001 0.44056249999999997 0.748734375 0.4345 0.7468125 0.43353125 0.744578125 0.4376875 0.744578125 0.4491875 0.7468125 0.4495 0.74809375 0.44885937499999995 0.7496875000000001 0.44056249999999997
40 0.8363906249999999 0.42725 0.8350937500000001 0.427765625 0.833796875 0.430375 0.855109375 0.44545312499999995 0.858234375 0.44440625 0.85875 0.44337499999999996 0.8363906249999999 0.42725
56 0.970265625 0.5764843749999999 0.917453125 0.5155937500000001 0.894703125 0.5177968749999999 0.74725 0.510453125 0.74871875 0.5779375 0.968796875 0.58821875 0.9732031250000001 0.58528125 0.970265625 0.5764843749999999
23 0.316859375 0.2104375 0.319125 0.21195312500000002 0.32742187500000003 0.21232812499999998 0.3319375 0.211578125 0.33721875 0.21006249999999999 0.345140625 0.20515625 0.350046875 0.19723437500000002 0.3519375 0.190453125 0.3526875 0.18367187499999998 0.34967187499999997 0.17121875 0.345890625 0.1663125 0.341375 0.16404687499999998 0.33382812500000003 0.16217187500000002 0.329296875 0.162546875 0.3195 0.1644375 0.31459375 0.168203125 0.310078125 0.175375 0.3078125 0.180265625 0.3074375 0.1889375 0.306296875 0.19346875 0.311578125 0.20403125000000003 0.316859375 0.2104375
23 0.64775 0.41335937500000003 0.644234375 0.41212499999999996 0.63075 0.41275000000000006 0.6311718749999999 0.4220625 0.64775 0.420203125 0.64775 0.41335937500000003