20 0.419046875 0.394015625 0.42046875000000006 0.39971875 0.43899999999999995 0.43534375000000003 0.426171875 0.45103125000000005 0.419046875 0.4766875 0.423328125 0.49806249999999996 0.423328125 0.53796875 0.423328125 0.627765625 0.446125 0.63346875 0.446125 0.642015625 0.446125 0.6562812499999999 0.47748437499999996 0.66625 0.5045625 0.653421875 0.535921875 0.64915625 0.538765625 0.6519999999999999 0.561578125 0.67053125 0.5858125000000001 0.660546875 0.590078125 0.6348906249999999 0.6214375000000001 0.594984375 0.6356875 0.53796875 0.6385468750000001 0.50946875 0.63996875 0.475265625 0.62571875 0.452453125 0.608609375 0.431078125 0.6000625 0.396875 0.58865625 0.3954375 0.56015625 0.404 0.54446875 0.404 0.49601562499999996 0.3883125 0.451828125 0.404 0.45040625 0.4025625 0.44470312500000003 0.4025625 0.419046875 0.394015625
26 0.707859375 0.6105 0.71440625 0.62753125 0.7916875 0.638 0.81525 0.632765625 0.8218125000000001 0.46120312500000005 0.71703125 0.462515625 0.698703125 0.459890625 0.7013125 0.478234375 0.707859375 0.6105
26 0.57478125 0.23312499999999997 0.622296875 0.236375 0.622296875 0.20885937499999999 0.620796875 0.195859375 0.57578125 0.195609375 0.57478125 0.23312499999999997
14 0.213140625 0.5485156250000001 0.217921875 0.554484375 0.220296875 0.555671875 0.22865625 0.556265625 0.248328125 0.5580625 0.28114062500000003 0.5586562500000001 0.31275 0.554484375 0.34435937499999997 0.549109375 0.34734375 0.54434375 0.356296875 0.533015625 0.350328125 0.527046875 0.338390625 0.5234687499999999 0.324078125 0.5336093749999999 0.31632812499999996 0.534796875 0.3139375 0.540171875 0.29903124999999997 0.54315625 0.22745312499999998 0.54315625 0.22149999999999997 0.534796875 0.21195312500000002 0.53659375 0.212546875 0.53659375 0.21135937500000002 0.541953125 0.213140625 0.5485156250000001
14 0.096796875 0.547046875 0.12359374999999999 0.544078125 0.134015625 0.538109375 0.138484375 0.5217343750000001 0.13996875 0.49940625 0.0938125 0.5098281250000001 0.043187500000000004 0.50684375 0.049140625 0.547046875 0.065515625 0.55003125 0.096796875 0.547046875
14 0.175 0.563578125 0.1555625 0.55759375 0.14060937499999998 0.5785312499999999 0.038890625 0.593484375 0.044875 0.627890625 0.11965624999999999 0.617421875 0.12265625 0.615921875 0.1795 0.572546875 0.175 0.563578125
14 0.348859375 0.557359375 0.35384375 0.542984375 0.296390625 0.556109375 0.22581250000000003 0.554234375 0.212703125 0.554234375 0.21956250000000002 0.5623437499999999 0.28140624999999997 0.56546875 0.348859375 0.557359375
14 0.32521875 0.533984375 0.338109375 0.522375 0.338109375 0.519796875 0.33509375 0.518515625 0.293859375 0.518515625 0.243609375 0.518515625 0.234578125 0.52065625 0.20709375 0.530109375 0.20881249999999998 0.535265625 0.216109375 0.5365624999999999 0.2225625 0.535265625 0.22814062499999999 0.543421875 0.3003125 0.543421875 0.31534375 0.539984375 0.31620312500000003 0.5348437500000001 0.32521875 0.533984375
14 0.22690625 0.523109375 0.24384375 0.516046875 0.28478125 0.518171875 0.31443750000000004 0.521 0.33209374999999997 0.518171875 0.33914062500000003 0.518171875 0.34409375 0.5097031249999999 0.342671875 0.50475 0.3285625 0.50546875 0.3003125 0.50546875 0.28054687500000003 0.5061718749999999 0.24878125 0.50546875 0.224078125 0.50334375 0.196546875 0.5012187499999999 0.183828125 0.5012187499999999 0.183828125 0.4998125 0.183125 0.51746875 0.18525 0.514640625 0.19724999999999998 0.5217031249999999 0.21560937500000002 0.5238125 0.22265625 0.5238125 0.22690625 0.523109375
14 0.1570625 0.53515625 0.136109375 0.545625 0.082265625 0.545625 0.046375 0.551609375 0.043375000000000004 0.550109375 0.043375000000000004 0.594984375 0.14509375 0.5785312499999999 0.158546875 0.55309375 0.1570625 0.53515625
14 0.045015625 0.5051249999999999 0.08745312499999999 0.50809375 0.13482812500000002 0.499203125 0.14271875 0.46762499999999996 0.14665625 0.46467187499999996 0.0420625 0.46467187499999996 0.045015625 0.5051249999999999
26 0.68659375 0.219578125 0.6893281250000001 0.21189062500000003 0.6953750000000001 0.20035937499999998 0.694828125 0.19432812500000002 0.620734375 0.19596875 0.624015625 0.20201562499999998 0.622375 0.23659375 0.692078125 0.24098437499999997 0.689875 0.226703125 0.68659375 0.219578125
76 0.713484375 0.226234375 0.712359375 0.242625 0.726484375 0.242625 0.726484375 0.22509375 0.7366718750000001 0.21662499999999998 0.7310156250000001 0.21153125 0.726484375 0.20587499999999997 0.730453125 0.197390625 0.712359375 0.197390625 0.7146250000000001 0.2064375 0.705 0.214359375 0.7095312500000001 0.22396875 0.713484375 0.226234375
14 0.197453125 0.5891875 0.20615624999999999 0.591359375 0.20979687500000002 0.5804843749999999 0.20979687500000002 0.5775781249999999 0.20979687500000002 0.5703125 0.20979687500000002 0.5630625 0.21559374999999997 0.55290625 0.18221875 0.547828125 0.18221875 0.549265625 0.1829375 0.555078125 0.197453125 0.5891875
14 0.21926562500000002 0.526046875 0.185390625 0.52078125 0.18690625 0.546359375 0.21398437499999998 0.548625 0.20796874999999998 0.5313125000000001 0.21926562500000002 0.526046875
14 0.19928125000000002 0.612484375 0.20246875000000003 0.622015625 0.21326562500000001 0.63090625 0.23424999999999999 0.644890625 0.24504687500000003 0.65315625 0.25203125000000004 0.6582343749999999 0.272375 0.66078125 0.290171875 0.66078125 0.31051562499999996 0.6595156249999999 0.332125 0.651890625 0.33275 0.644890625 0.342921875 0.639171875 0.353734375 0.631546875 0.355 0.620109375 0.351828125 0.6226406250000001 0.34228125 0.62646875 0.325765625 0.627734375 0.29334375 0.628375 0.260296875 0.628375 0.23551562499999998 0.6251875 0.224703125 0.6188281250000001 0.20628125000000003 0.6073906250000001 0.20437500000000003 0.606765625 0.20309375 0.60803125 0.19928125000000002 0.612484375
14 0.20396874999999998 0.59565625 0.203125 0.5994375 0.204390625 0.602796875 0.20985937500000001 0.608265625 0.21615625 0.611625 0.22246875 0.617515625 0.22751562500000003 0.6204531249999999 0.236765625 0.625921875 0.32 0.626765625 0.335140625 0.6255 0.34690625 0.62171875 0.354890625 0.617515625 0.35446875 0.582625 0.351109375 0.582625 0.33596875000000004 0.6040625000000001 0.3309375 0.6040625000000001 0.25987499999999997 0.6086875 0.231296875 0.607421875 0.2140625 0.592296875 0.21110937500000002 0.59103125 0.209015625 0.591875 0.20396874999999998 0.59565625
26 0.573125 0.228859375 0.573546875 0.19732812500000002 0.56934375 0.19565625 0.5020781249999999 0.1965 0.503765625 0.22803125 0.573546875 0.232234375 0.573125 0.228859375
14 0.352484375 0.5868125 0.35550000000000004 0.579296875 0.35475 0.572546875 0.33446875 0.579296875 0.25040625 0.5868125 0.212875 0.579296875 0.20837500000000003 0.5762968749999999 0.210625 0.5868125 0.22864062500000001 0.602578125 0.23765624999999999 0.608578125 0.33371875 0.605578125 0.352484375 0.5868125
14 0.03125 0.65625 0.059375 0.65625 0.078125 0.653125 0.0828125 0.65 0.10625 0.65 0.1390625 0.6359375 0.1515625 0.6359375 0.1671875 0.628125 0.1890625 0.6109375 0.19375 0.603125 0.196875 0.5890625 0.193359375 0.58046875 0.2125 0.578125 0.22566964218750002 0.584375 0.234375 0.584375 0.23303571406249998 0.5890625 0.2625 0.609375 0.271875 0.609375 0.271033653125 0.6030048078125 0.2818509609375 0.5902644234375 0.28125 0.584375 0.3375 0.5796875 0.3515625 0.575 0.359375 0.5640625 0.359375 0.5578125 0.3515625 0.5390625 0.3359375 0.525 0.234375 0.5580078125 0.234375 0.5640625 0.2265625 0.5640625 0.2265625 0.560546875 0.2234375 0.5640625 0.21875 0.5625 0.215625 0.5578125 0.2109375 0.565625 0.2063078703125 0.5609953703125 0.1907986109375 0.5642361109375 0.186328125 0.56328125 0.1828125 0.5546875 0.16875 0.546875 0.159375 0.546875 0.1578125 0.559375 0.16640625 0.56171875 0.16753472187500001 0.569097221875 0.0434606484375 0.5950231484375 0.0421875 0.59375 0.040625 0.578125 0.03125 0.578125 0.01875 0.584375 0.0279513890625 0.5982638890625 0.012442129687500001 0.6015046296875 0.009375 0.59375 0.0046875 0.603125 0.0041666671875 0.6109375 0.003125 0.6265625 0.009375 0.640625 0.01875 0.65 0.03125 0.65625